	* Raavishu Sanghvi
	* Rishikesh Gopalakrishnan
	* Aishwarya Yadav
	* Rishab Srivastava
	* Disha Parwani
	* Amodini Vardhan
	* Suyash Singh
	* Shreyansh Parashar
	* Akash Gupta
	* Sarthak Bhol
	* R. Akashraj
	* Bhawesh Bhansali
	* Uttkarsh Agarwal


	0000000000000000000000000000000000000000000000000000000000000000000000000000000000000000000000000000
	0000000000000000000000000000000000000000000000000000000000000000000000000000000000000000000000000000
	0000000000000000000000000000000000000000000000000111111000000000000000000000000000000000000000000000
	0000000000000000000000000000000011                                1100000000000000000000000000000000
	00000000000000000000000000000                                           1100000000000000000000000000
	00000000000000000000000000000                                               000000000000000000000000
	00000000000000000000000000000                                                00000000000000000000000
	0000000000000000000000000000000001                                           10000000000000000000000
	000000000000000000000000000000000000000                 10000000000000       10000000000000000000000
	000000000000000000000000000000000000000000           10000000000000000001     0000000000000000000000
	000000000000000000000000000000000000000000         0000000001           10    0000000000000000000000
	00000000000000000000000000001       10000          100000                     0000000000000000000000
	0000000000000000000000000000           1000                                   0000000000000000000000
	00000000000000000000000000000000000001  1000              100011              0000000000000000000000
	000000000000000000000000000000000000000000000          00000000000000         0000000000000000000000
	000000000000000000000000000100000000000000000          1000000000000000000    0000000000000000000000
	0000000000000000000000001111111111      10000               111111111         0000000000000000000000
	000000000000000000000000                00000                                 0000000000000000000000
	0000000000000000000000000              100000                                 0000000000000000000000
	00000000000000000000000000            1000000                                 0000000000000000000000
	000000000000000000000000000          10000000                                 0000000000000000000000
	0000000000000000000000000000     100000000000                                10000000000000000000000
	0000000000000000000000000000000000010000000000                           10  00000000000000000000000
	00000000000000000000000000000000     100000000000000111           1100001    00000000000000000000000
	0000000000000000000000010000000         1000000000000            00000      000000000000000000000000
	00000000000000000000000010000000000000000000001100000000011110000000       1000000000000000000000000
	000000000000000000000000010000000000000000000    10000000000000000         0000000000000000000000000
	00000000000000000000000000 000001110000000000000000000001111111           10000000000000000000000000
	000000000000000000000000000 10000000                                     100000000000000000000000000
	00000000000000000000000000000 0000000000000000000001                     000000000000000000000000000
	000000000000000000000000000000 1000000001 1100000000                    0000000000000000000000000000
	00000000000000000000000000000000 100000     1000000                   100000000000000000000000000000
	0000000000000000000000000000000000 00000    0000000                 10000000000000000000000000000000
	00000000000000000000000000000000000010000   0000000              10000000000000000000000000000000000
	000000000000000000000000000000000000000000  1000000            0000000000000000000000000000000000000
	0000000000000000000000000000000000000000000 100000          0000000000000000000000000000000000000000
	00000000000000000000000000000000000000000000 00000       0000000000000000000000000000000000000000000
	0000000000000000000000000000000000000000000000000    10000000000000000000000000000000000000000000000
	0000000000000000000000000000000000000000000000000000000000000000000000000000000000000000000000000000
	0000000000000000000000000000000000000000000000000000000000000000000000000000000000000000000000000000	
	
